0.0036
0.0036
0.0036
0.0036
0.0036
0.0036
0.0036
0.0036
0.0072
0.0072
0.0072
0.0096
0.0084
0.0084
0.0108
0.0096
0.0096
0.0108
0.0096
0.0108
0.0048
0.0048
0.0048
0.0048
0.012
0.0108
0.012
0.0108
0.012
0.012
0.0108
0.0108
0.0108
0.0108
0.0096
0.0108
0.0108
0.0108
0.012
0.0108
0.012
0.012
0.012
0.012
0.012
0.0144
0.0132
0.0132
0.0156
0.012
0.0132
0.0156
0.0144
0.0144
0.0156
0.0156
0.0144
0.0192
0.0132
0.0144
0.018
0.0144
0.0132
0.0144
0.0156
0.018
0.018
0.018
0.0192
0.0168
0.012
0.0192
0.0192
0.0168
0.0216
0.0192
0.0204
0.0216
0.018
0.0204
0.0192
0.0156
0.0096
0.0156
0.0132
0.0084
0.0096
0.0108
0.006
0.0072
0.006
0.006
0.0108
0.0084
0.0072
0.0096
0.0096
0.0108
0.012
0.012
0.0168
0.012
0.012
0.0192
0.0192
0.0216
0.0204
0.0216
0.0264
0.0228
0.018
0.0228
0.0276
0.024
0.0264
0.0204
0.0216
0.03
0.024
0.0288
0.0324
0.0288
0.0276
0.03
0.0312
0.0288
0.036
0.03
0.0312
0.0348
0.0336
0.0288
0.0336
0.0144
0.0108
0.0096
0.0132
0.0036
0.0084
0.0048
0.0228
0.0216
0.0132
0.0264
0.0252
0.0228
0.0264
0.024
0.0264
0.03
0.03
0.0228
0.0372
0.036
0.0312
0.0408
0.0396
0.0348
0.042
0.0228
0.0324
0.0288
0.0156
0.0204
0.0192
0.0264
0.0156
0.0192
0.0228
0.0168
0.024
0.0204
0.0216
0.024
0.0216
0.0168
0.0204
0.0228
0.018
0.0228
0.0288
0.024
0.024
0.0264
0.0288
0.024
0.0324
0.0276
0.0252
0.03
0.024
0.0276
0.03
0.0276
0.0276
0.03
0.0288
0.0276
0.0324
0.03
0.0324
0.0348
0.0324
0.0348
0.036
0.0312
0.0372
0.0348
0.0312
0.036
0.036
0.0336
0.0336
0.0348
0.0348
0.0372
0.0336
0.036
0.0432
0.0372
0.0372
0.042
0.0372
0.0396
0.0372
0.0372
0.042
0.0396
0.0456
0.042
0.0456
0.0408
0.0492
0.0456
0.042
0.0492
0.048
0.054
0.048
0.048
0.0516
0.0432
0.0468
0.0384
0.0396
0.0324
0.0372
0.0372
0.0384
0.0468
0.0432
0.0396
0.048
0.0468
0.0456
0.0516
0.054
0.0516
0.0576
0.0504
0.0516
0.0528
0.0504
0.0516
0.0636
0.0552
0.0552
0.0636
0.0576
0.0612
0.0636
0.06
0.0744
0.072
0.0624
0.0768
0.072
0.0744
0.0684
0.06
0.0636
0.0696
0.0624
0.0636
0.0648
0.0552
0.0552
0.0504
0.0456
0.0396
0.036
0.0336
0.0348
0.0444
0.048
0.0564
0.0444
0.0444
0.0444
0.0444
0.0348
0.03
0.0324
0.0348
0.036
0.0348
0.0372
0.0348
0.0408
0.048
0.0444
0.0444
0.0528
0.0492
0.0552
0.0624
0.0612
0.0612
0.0768
0.084
0.0816
0.078
0.0672
0.0768
0.0756
0.0696
0.0672
0.09
0.09
0.072
0.084
0.072
0.0972
0.0612
0.0648
0.084
0.0696
0.0516
0.0492
0.0528
0.0528
0.0492
0.0576
0.0576
0.0636
0.0672
0.0492
0.0576
0.0564
0.0408
0.048
0.0504
0.0444
0.0516
0.0564
0.0504
0.0528
0.0492
0.048
0.048
0.0432
0.042
0.0456
0.0456
0.0444
0.048
0.0504
0.0528
0.0516
0.0588
0.06
0.0588
0.0588
0.0552
0.0636
0.0648
0.0612
0.0648
0.0672
0.0672
0.0744
0.0816
0.084
0.0936
0.0924
0.0876
0.0972
0.096
0.0984
0.0972
0.0924
0.0924
0.0996
0.1044
0.1188
0.114
0.096
0.1068
0.1452
0.1512
0.0972
0.0732
0.0636
0.0768
0.09
0.114
0.1152
0.1572
0.1248
0.1284
0.1452
0.1296
0.138
0.162
0.1488
0.1536
0.1488
0.1452
0.1284
0.1044
0.096
0.1104
0.1176
0.1356
0.1272
0.1152
0.126
0.0912
0.0612
0.0708
0.0756
0.0804
0.0828
0.0744
0.0756
0.0852
0.0828
0.0804
0.0888
0.0912
0.0912
0.0912
0.084
0.0876
0.0912
0.0852
0.0876
0.0972
0.0936
0.09
0.0984
0.0996
0.1032
0.12
0.0876
0.0768
0.078
0.0696
0.0744
0.0864
0.0792
0.066
0.0744
0.066
0.072
0.078
0.0732
0.078
0.0672
0.0636
0.072
0.0624
0.0588
0.0624
0.0624
0.0552
0.054
0.0552
0.0468
0.0588
0.0504
0.0516
0.0564
0.0528
0.0456
0.0576
0.0552
0.0564
0.054
0.072
0.042
0.0468
0.0348
0.0552
0.0528
0.0552
0.0612
0.0588
0.0612
0.0708
0.0744
0.0732
0.0684
0.0756
0.066
0.0732
0.0804
0.0804
0.0948
0.0852
0.084
0.0888
0.078
0.0816
0.0828
0.0732
0.0684
0.0684
0.0768
0.0828
0.0816
0.0756
0.0816
0.0792
0.072
0.0816
0.0684
0.072
0.0624
0.0576
0.0528
0.0636
0.0564
0.0504
0.0588
0.0552
0.0552
0.0504
0.0468
0.0456
0.0408
0.0336
0.0408
0.0384
0.0336
0.0384
0.0372
0.0312
0.0312
0.0276
0.0276
0.0336
0.0276
0.0264
0.03
0.0288
0.0264
0.03
0.0288
0.03
0.0312
0.0264
0.03
0.0276
0.03
0.0252
0.0324
0.0324
0.0372
0.0372
0.0336
0.0444
0.0444
0.0456
0.0444
0.0528
0.0504
0.048
0.0552
0.0528
0.0648
0.0564
0.054
0.0564
0.0516
0.0564
0.0504
0.0588
0.0516
0.0468
0.0468
0.0552
0.0504
0.048
0.054
0.0492
0.0528
0.0504
0.0492
0.0552
0.054
0.0468
0.0516
0.0516
0.0588
0.0444
0.0516
0.0492
0.0528
0.0504
0.0468
0.0576
0.0516
0.0468
0.0468
0.0516
0.048
0.0492
0.048
0.0516
0.0552
0.0384
0.0372
0.0456
0.042
0.042
0.0516
0.0444
0.0408
0.048
0.0456
0.0468
0.0468
0.0468
0.0432
0.0528
0.0492
0.0516
0.0564
0.0552
0.06
0.048
0.0576
0.06
0.0612
0.0672
0.0612
0.06
0.0648
0.0456
0.0504
0.0468
0.0384
0.0336
0.036
0.0372
0.0336
0.0264
0.0204
0.018
0.0168
0.0156
0.0156
0.018
0.0168
0.0156
0.018
0.0168
0.0168
0.0168
0.0144
0.0132
0.012
0.0108
0.012
0.012
0.0108
0.012
0.0084
0.0084
0.0096
0.0084
0.0084
0.0096
0.0084
0.0072
0.0108
0.0096
0.0072
0.0096
0.012
0.0132
0.0132
0.0132
0.018
0.0192
0.0192
0.0192
0.0252
0.0252
0.0288
0.0276
0.0288
0.036
0.0348
0.0324
0.0372
0.0384
0.042
0.0408
0.0444
0.0432
0.0516
0.048
0.048
0.0504
0.0492
0.0492
0.0504
0.048
0.0528
0.0456
0.0516
0.0528
0.0492
0.048
0.048
0.0504
0.0384
0.0384
0.0408
0.0324
0.0252
0.0156
0.0204
0.0216
0.0216
0.0204
0.018
0.0156
0.018
0.0096
0.0036
0
0
0.0012
0.0024
0.0012
0
0.0012
0.0012
0.0012
0.0012
0
0
0.0012
0
0
0.0012
0.0012
0.0012
0.0012
0.0012
0.0012
0.0012
0.0012
0.0012
0.0012
0.0012
0.0012
0.0012
0
0
0
0
0.0012
0
0
0
0
0
0
0
0
0.0012
0
0
0.0012
0.0012
0.0012
0.0012
0.0012
0
0
0
0
0
0
0
0
0
0
0
0
0
0
0
0
0
0
0
0
0
0
0
0
0
0
0
0
0
0
0
0
0
0
0
0.0012
0.0012
0.0024
0.0024
0.0012
0.0012
0.0024
0.0024
0.0024
0.0024
0.0024
0.0012
0.0036
0.0048
0.0048
0.0036
0.006
0.0072
0.0072
0.0084
0.0108
0.0108
0.0108
0.0096
0.0108
0.0132
0.0132
0.0144
0.0168
0.0168
0.0168
0.0192
0.0192
0.018
0.0228
0.0216
0.0228
0.0252
0.0216
0.0228
0.0252
0.0252
0.0216
0.0228
0.0192
0.0216
0.018
0.0144
0.0168
0.0156
0.0144
0.0144
0
0.0012
0.0012
