0.00792
0.01223
0.02356
0.01808
0.03864
0.03930
0.03938
0.02085
0.03724
0.02641
0.01985
0.01479
0.03821
0.02908
-0.00835
0.01572
0.03411
0.02320
0.03059
0.01721
-0.00244
0.00430
0.00698
0.03402
0.03001
0.03329
0.02310
0.02501
0.02814
0.02012
0.01132
-0.00451
0.01875
0.01555
0.02093
0.01547
0.01685
0.01860
0.02997
0.03027
0.03185
0.01042
0.00876
0.01739
0.02155
0.02297
0.01930
0.00866
-0.00681
-0.01674
0.00522
0.00714
0.00221
0.00348
0.01746
0.02593
0.01697
0.01553
0.01747
0.01782
