0.028006215
0.004112964
-0.018225682
0.009934958
0.02035394
-0.003811871
0.020808669
0.008114781
0.006208227
-0.011309129
0.020314351
0.02186487
0.028111973
0.028680476
-0.021722993
0.036945302
-0.012380133
0.031010639
0.014633444
-0.001630851
0.035239076
0.027542404
0.024951515
0.012972637
0.012413282
-0.006544274
-0.003071769
0.016504937
0.00768878
0.024676821
0.026027476
0.018771369
0.024847614
0.013824862
0.034701977
0.018476537
0.003220599
0.007380635
0.017018099
0.009164368
0.009564721
0.0198194
-0.000362739
-0.010795862
0.019199989
0.028684088
0.019266206
0.022101305
0.018624706
0.012798417
0.014544391
0.008608802
0.018938257
-0.00714257
0.00703177
0.012879219
0.023921277
0.002782116
0.026228001
0.01504826
0.014184849
0.013931211
0.01433651
0.008785084
0.010783177
0.021334002
0.007912278
0.02866334
0.029492508
0.02941368
0.011380977
0.017824459
0.020273006
0.024952077
0.049890661
0.014653845
0.017324158
0.013147558
0.00449479
0.017977679
0.014435797
0.008396264
0.01048049
0.031204561
0.023467447
0.025263797
0.007826818
0.017521907
0.01087845
0.009485821
0.015601059
0.016380974
0.003721178
0.015335558
0.015551559
0.009105315
0.009478562
0.004621241
0.018069936
0.015392186
0.035749213
0.023578712
0.031783408
0.015277823
-0.002415374
0.00950535
-0.001293126
-0.014883317
0.00075521
0.006075492
-0.010038281
0.008897891
0.030463501
0.013110165
0.008478819
0.028395976
0.019946995
0.016566619
0.020588671
0.0086417
0.00272446
0.012955901
0.02787693
0.016003276
0.018907094
0.012982259
0.016437543
0.012256244
0.002855207
0.014128539
0.011494105
0.000846972
-0.018029268
0.006560157
0.015620995
0.003892977
0.00953252
0.002265582
0.005300188
0.005851289
0.002720096
0.010106301
0.021780742
0.013493966
0.021781477
0.025864616
0.019586722
0.005898442
0.02667991
0.01055828
0.015906163
0.020043504
0.014593198
0.018373479
0.014681837
0.015113181
0.013123097
0.008602745
0.016329255
0.014153373
0.015011682
0.007949339
0.009047295
0.020934014
0.0145021
0.018497377
0.016364558
0.009697784
0.004680746
0.014524565
0.018037393
0.003031586
0.01093636
0.0080749
-0.011130724
-0.000216418
0.013538984
0.005117844
-0.002785783
0.026884698
0.010302611
0.014188519
0.018254275
0.004102151
0.011323122
0.018525307
0.011639359
0.018790556
0.013028236
0.013270255
0.014450113
0.008988347
0.012725696
0.009321546
0.009271794
0.014091254
0.016226276
0.010902528
0.011913051
0.012817316
0.00674897
0.024181832
0.015450776
0.016089079
0.021640092
0.01647971
0.016779602
0.023316659
0.016387434
0.013325937
0.029116098
0.005272266
0.027731096
0.013838498
0.015696548
-0.001119481
0.005976152
0.005238318
0.010377803
0.008599347
0.006098862
0.005270459
0.016212232
0.010707936
0.011761955
0.022528252
0.009807283
0.013221243
0.010123743
0.014322513
0.017049694
0.01242592
0.01498747
0.011572308
0.017238196
0.014159576
0.007713862
0.008973
0.018532783
0.007096234
-0.000543465
0.007255925
0.002075164
-0.002936109
0.004114478
-0.013363212
-0.007280438
-0.003391245
-0.007839512
0.004387646
0.003119563
0.007859432
0.009301022
0.009048007
0.00915955
0.006228734
0.002550054
0.001925394
-0.000927424
0.011296531
0.001017004
0.000677672
0.002786102
0.010893114
-0.000293046
0.007894948
0.01471339
0.004291376
0.014865353
0.016182117
0.019284304
0.014180922
0.010485047
0.014731538
0.007824759
0.013547388
0.011284487
0.005630642
0.005966065
0.014530067
0.009766851
0.007013412
0.016084598
0.006745797
0.011674392
0.011265775
0.00801638
0.010457769
0.015422137
0.011043501
0.002649387
-0.0064402
-0.151572025
