0.003609596
0.009071481
-0.007696732
0.012068145
0.001019264
-0.003238471
0.001842356
0.006018602
-0.000169727
-0.001535926
0.004346298
-0.000961265
-0.005990306
0.008100351
0.01021639
-0.013861309
0.002064967
-0.000701036
-0.005822621
-0.001410309
0.005879848
0.001373967
-0.007053371
0.004691511
0.001972374
0.008680294
0.001079121
0.003555934
0.00069266
-0.006052027
0.001391157
0.003952153
0.003484323
0.005504042
0.003568029
-0.000287128
-0.001004551
0.006163275
0.001690441
0.004054156
-0.00533216
0.002574968
0.002372165
0.006850175
-0.003272203
0.004502276
0.000849167
-0.000237025
-0.003074702
0.005542264
0.000240087
-0.001031763
0.005743267
0.003074531
0.00691605
-0.004272509
-0.000854143
0.002897765
0.007494813
0.001349005
0.006254507
0.005283179
-0.000590018
0.01073703
0.002730762
0.00468208
0.00423273
-0.001527259
0.003541876
-0.005262975
0.013387737
-0.001326226
0.005865479
-0.005633853
0.010325756
0.004000168
-0.003913965
0.009420555
0.00087603
0.006356309
0.017290728
-0.000575827
0.003405893
0.001708179
0.002594191
0.002887857
0.005252978
-0.002682636
0.004071077
0.005824493
-0.005842189
0.002884628
-0.001826756
0.004361067
0.001868351
0.003386838
0.000950257
0.002605433
0.002894563
0.000228027
0.003379932
-0.002704881
0.005007734
0.003971938
-0.007053596
0.005428309
0.008885853
0.002867168
0.001516288
0.010967291
-0.00082488
0.002113125
0.010055022
0.004123998
0.001345384
-0.003058901
0.001491906
0.008005346
-0.005182775
0.004839534
0.006342325
-0.001703171
0.001676724
0.00707655
-0.005286418
0.001548937
0.00626607
-0.003540475
0.008241274
-0.000719642
-0.001451643
0.008386952
0.001142525
-0.001802979
-0.003077735
0.005153573
0.001695193
-6.08937E-05
0.00239136
0.005098125
-0.002475628
0.000503436
0.007371174
-0.002322698
0.002137527
-0.004580722
0.005454395
-0.000580636
0.003250432
-0.002635016
0.002192018
0.001741379
0.00098334
0.005279113
0.006797172
-0.005257627
0.004388939
0.013938889
0.002350033
0.003141939
0.002410612
0.00537244
0.003327389
0.002140442
0.011339963
0.001643139
0.00195713
0.004449622
0.003531825
-0.002663652
-0.002185934
0.000913884
0.003753822
0.006717574
-0.014012349
0.00977192
-0.003034947
0.002296498
-0.006668556
-0.001262403
-0.004332839
-0.002672015
0.003589082
0.000559731
0.000424943
0.001951754
6.24176E-05
-0.003151011
0.002347631
-0.005412237
-0.001848537
0.003501762
0.004249291
0.002695262
0.000504851
0.01540585
-0.001222478
-0.001213285
0.002253437
-0.002201655
0.001669223
0.003111893
0.005611768
0.009401861
-0.004254442
0.004914784
0.005676456
-0.002853574
0.007218314
0.001419755
0.002484325
0.00226345
0.002719087
0.003687571
0.006563617
0.001232134
-0.000480207
-0.005293715
0.002173872
0.00317504
-0.0025592
0.00814649
-0.003507649
0.00126443
0.00916516
0.003988956
-0.000372158
-0.001610336
0.010499445
0.006441435
-0.000643354
0.002093783
0.002995121
-0.003398637
0.005092234
0.00531376
-0.003830561
0.003110672
0.005725577
-0.001881939
0.003633313
0.000289713
-0.004507072
0.001879382
0.006498998
-0.006652068
0.008568515
-0.000232766
0.000936147
0.00270725
-0.004064373
0.003401586
-0.00396991
-0.002614323
-0.006983349
-0.003306978
0.000796739
0.001360677
0.003621761
-0.00064988
0.006749958
-0.003333584
0.00840143
-0.001785597
-0.007322679
0.000608032
0.00206271
0.001988932
0.006695178
-0.004889818
-0.001921903
-0.001963139
0.001222852
-0.00218109
0.006998877
-0.005012597
0.005255212
-0.001935726
0.002688791
-0.003361162
-0.00119983
0.005516396
-0.001331861
0.003198548
0.007889603
0.0004296
0.003097197
0.001862491
0.000159708
0.009421052
0.000838229
0.002431014
0.006003493
0.004736542
0.003284325
0.002037115
0.003177592
0.001631587
0.005875058
0.002806337
-0.012563903
0.008998956
0.005208607
0.003422427
0.00589518
-0.004408403
0.00430724
0.005906832
-0.004239186
0.009406139
-0.000329722
0.007063895
0.005155258
-0.0054627
0.006509729
0.003624689
-0.001404867
0.004595587
0.005221315
0.001448837
-0.000655131
0.002186093
0.007029196
-0.002834745
0.00103629
0.006695439
-0.002328577
0.003077395
0.001445474
0.002014975
-0.002662277
0.003760791
0.003039084
0.001054557
0.0062594
-0.003680158
0.011655964
-0.000234293
0.002128006
0.001645633
-9.22286E-05
0.00238463
0.002082228
-0.00276221
0.004609003
-0.000799647
0.003422774
0.004459909
0.00113838
0.009746139
-0.004143491
0.004473681
0.002178076
0.00352473
0.005614751
-0.002645879
0.005896236
0.001243284
-0.000510066
0.003900627
0.001117658
-0.002242338
0.000393535
0.002234656
0.000253194
0.000748015
0.00370173
0.002917844
0.000260984
0.001719056
0.008383035
-0.0091717
0.003654776
0.003454547
-0.000239202
0.00115905
0.00259617
0.000468044
0.00108438
-0.003546647
-0.005032578
-0.000663917
-0.003776905
-0.003866029
0.002558944
0.004600589
0.000823223
0.002305328
-0.003156548
0.003388699
-0.001789168
-0.003145285
-0.00176919
0.003060518
-0.001090071
0.012593101
-0.001276266
0.002424458
0.001193033
0.001760334
-0.001255538
0.003642693
0.000511624
0.00440434
0.001915913
0.002638011
0.001381943
-0.003543361
0.004086127
-0.003296828
0.001881119
0.001356039
0.003311784
0.002548119
0.001373519
0.004214534
-0.00130908
0.001445667
0.001587306
0.002232115
0.005345053
1.73843E-05
0.000577758
0.001392693
0.003457852
-0.001721327
0.00460111
1.4179E-05
0.002781714
-0.001400341
0.00349594
0.001536067
-0.001764404
0.00238741
0.000117267
0.004373704
0.00369746
-0.001774399
0.000466193
0.000828192
-0.003388697
0.005950526
0.003166191
-0.001711808
0.003962123
0.003422182
0.001091539
-0.000416013
0.0030459
0.00036753
0.000991896
-0.0004602
0.001763462
0.0003815
0.003718224
0.00056281
0.002633259
0.000814078
-0.000486019
0.000457293
0.002661236
0.006421526
0.001802655
0.001403669
0.003293016
0.000762048
0.003172214
0.000801302
0.004393087
0.003815662
0.002322256
0.001626298
0.007347741
0.000272577
0.000102306
0.00396251
-0.000518449
0.002763967
0.004179383
0.003249238
0.00204389
0.002956058
0.002818769
0.001415811
0.000827
0.000534364
0.004075959
0.00355481
0.002300776
0.003681981
0.012559556
-0.012072027
0.006162858
0.008315665
0.001747577
0.003563219
0.002078238
-0.000531224
0.003198966
0.004610815
-0.000158972
0.000795204
0.00528953
-0.002013886
-0.003887484
-0.001164039
0.002881096
0.002178445
-0.004577027
0.003926231
0.001591265
-0.008184781
0.006806063
-0.000493782
0.003451666
-5.28235E-05
0.001315973
9.84564E-05
0.000134472
0.000792247
0.002956371
0.000516155
-0.003033483
0.000616456
0.005524537
0.001272393
0.000967463
0.002446822
-0.000985581
0.001908233
0.001419955
0.000168243
0.005104259
0.002835468
0.004771483
-0.002004618
0.000535932
0.003518693
0.00032328
0.004138653
-0.002276133
0.004984777
0.000635902
0.001795577
-0.00054428
0.002922601
0.002632396
0.003594125
0.002064706
0.000737847
0.004163163
0.000570222
0.001438699
-0.000646069
0.00417439
0.00190547
0.00374707
0.000972143
0.00274786
-0.002548323
0.006315353
0.000150084
0.001589762
0.00104188
0.005355499
-0.001085951
0.00152434
0.001182778
-0.001137852
0.003238943
-0.002214256
0.003106938
0.004392357
-0.000594413
0.005355006
-0.000921344
-0.000245722
-0.000506355
-0.000856187
-0.001555994
0.000984148
0.001972841
0.00023708
-0.001010845
-0.001813494
0.002789151
-0.000484573
-0.000768746
-0.00389734
0.002439082
0.000801666
-0.000122434
-0.001784451
-0.002933853
-0.00294884
-0.00539088
0.00219947
-0.001206956
-0.005045223
0.002546829
-0.002725288
-0.004102918
-0.000724083
-0.001396389
-0.002333319
0.001328079
0.001247993
-0.000384052
0.000221904
-0.004251873
0.004535119
-0.000820042
0.002627415
-0.000776697
0.002172953
0.000525078
0.001871786
0.00059292
0.00225456
0.000618848
-0.000646273
0.003161034
3.8401E-05
0.000491514
-0.000183463
0.001879716
-0.000577516
-0.001270138
0.003602863
-0.00034928
-0.001360942
-0.000494164
-0.00042026
-0.001559717
-0.000838727
0.00344312
0.004760841
-0.002569595
0.000350797
0.000236446
-0.002585772
0.001296642
-0.001498678
-0.000622366
0.000761248
0.001106936
-0.001162784
0.003985918
-0.001446982
0.000251183
-0.002586332
0.002746207
-0.001038198
0.000745556
0.000125385
0.002895148
0.00210863
0.003102968
0.000850727
-0.003390296
0.003656299
0.000746666
0.003870712
3.91263E-05
0.002923288
0.002148305
0.005922801
-0.001205488
0.005956102
0.002083621
0.002185035
0.002533814
0.002395938
0.000194437
0.001654337
0.002692816
0.000728025
0.003310716
0.001170889
0.001780577
-0.000219057
0.000877994
0.003215533
0.000864845
0.004844391
-0.002505323
0.002669814
0.001332271
0.002571464
-0.00124557
0.000739533
0.00142033
-0.001310794
0.002536702
0.003118466
0.001909473
-7.71706E-05
0.005384127
-0.000993376
-0.000375263
0.001565823
-0.000430646
0.0011505
0.003165709
-6.60699E-06
0.003898232
0.005385609
-0.001807585
-0.001784273
0.003745621
0.001445876
0.003560268
-0.000504648
0.003421277
0.001998983
-0.001700866
0.004261171
0.002693474
-0.008560388
0.008225104
-0.000881408
0.004851435
0.001861631
0.001023335
0.003358987
0.001503185
0.001212784
-0.000949993
0.002323515
-0.000857765
-0.000926479
